1.000000000000000021e-03
1.000000000000000021e-03
1.000000000000000021e-03
1.000000000000000021e-03
1.000000000000000021e-03
1.000000000000000021e-03
1.000000000000000021e-03
1.000000000000000021e-03
1.000000000000000021e-03
1.000000000000000021e-03
1.000000000000000021e-03
1.000000000000000021e-03
1.000000000000000021e-03
1.000000000000000021e-03
1.000000000000000021e-03
1.000000000000000021e-03
5.100000000000000366e-02
5.100000000000000366e-02
5.100000000000000366e-02
5.100000000000000366e-02
5.100000000000000366e-02
5.100000000000000366e-02
5.100000000000000366e-02
5.100000000000000366e-02
5.100000000000000366e-02
5.100000000000000366e-02
5.100000000000000366e-02
5.100000000000000366e-02
5.100000000000000366e-02
5.100000000000000366e-02
5.100000000000000366e-02
5.100000000000000366e-02
1.010000000000000064e-01
1.010000000000000064e-01
1.010000000000000064e-01
1.010000000000000064e-01
1.010000000000000064e-01
1.010000000000000064e-01
1.010000000000000064e-01
1.010000000000000064e-01
1.010000000000000064e-01
1.010000000000000064e-01
1.010000000000000064e-01
1.010000000000000064e-01
1.010000000000000064e-01
1.010000000000000064e-01
1.010000000000000064e-01
1.010000000000000064e-01
1.510000000000000231e-01
1.510000000000000231e-01
1.510000000000000231e-01
1.510000000000000231e-01
1.510000000000000231e-01
1.510000000000000231e-01
1.510000000000000231e-01
1.510000000000000231e-01
1.510000000000000231e-01
1.510000000000000231e-01
1.510000000000000231e-01
1.510000000000000231e-01
1.510000000000000231e-01
1.510000000000000231e-01
1.510000000000000231e-01
1.510000000000000231e-01
2.010000000000000120e-01
2.010000000000000120e-01
2.010000000000000120e-01
2.010000000000000120e-01
2.010000000000000120e-01
2.010000000000000120e-01
2.010000000000000120e-01
2.010000000000000120e-01
2.010000000000000120e-01
2.010000000000000120e-01
2.010000000000000120e-01
2.010000000000000120e-01
2.010000000000000120e-01
2.010000000000000120e-01
2.010000000000000120e-01
2.010000000000000120e-01
2.510000000000000009e-01
2.510000000000000009e-01
2.510000000000000009e-01
2.510000000000000009e-01
2.510000000000000009e-01
2.510000000000000009e-01
2.510000000000000009e-01
2.510000000000000009e-01
2.510000000000000009e-01
2.510000000000000009e-01
2.510000000000000009e-01
2.510000000000000009e-01
2.510000000000000009e-01
2.510000000000000009e-01
2.510000000000000009e-01
2.510000000000000009e-01
3.010000000000000453e-01
3.010000000000000453e-01
3.010000000000000453e-01
3.010000000000000453e-01
3.010000000000000453e-01
3.010000000000000453e-01
3.010000000000000453e-01
3.010000000000000453e-01
3.010000000000000453e-01
3.010000000000000453e-01
3.010000000000000453e-01
3.010000000000000453e-01
3.010000000000000453e-01
3.010000000000000453e-01
3.010000000000000453e-01
3.010000000000000453e-01
3.510000000000000342e-01
3.510000000000000342e-01
3.510000000000000342e-01
3.510000000000000342e-01
3.510000000000000342e-01
3.510000000000000342e-01
3.510000000000000342e-01
3.510000000000000342e-01
3.510000000000000342e-01
3.510000000000000342e-01
3.510000000000000342e-01
3.510000000000000342e-01
3.510000000000000342e-01
3.510000000000000342e-01
3.510000000000000342e-01
3.510000000000000342e-01
4.010000000000000231e-01
4.010000000000000231e-01
4.010000000000000231e-01
4.010000000000000231e-01
4.010000000000000231e-01
4.010000000000000231e-01
4.010000000000000231e-01
4.010000000000000231e-01
4.010000000000000231e-01
4.010000000000000231e-01
4.010000000000000231e-01
4.010000000000000231e-01
4.010000000000000231e-01
4.010000000000000231e-01
4.010000000000000231e-01
4.010000000000000231e-01
4.510000000000000120e-01
4.510000000000000120e-01
4.510000000000000120e-01
4.510000000000000120e-01
4.510000000000000120e-01
4.510000000000000120e-01
4.510000000000000120e-01
4.510000000000000120e-01
4.510000000000000120e-01
4.510000000000000120e-01
4.510000000000000120e-01
4.510000000000000120e-01
4.510000000000000120e-01
4.510000000000000120e-01
4.510000000000000120e-01
4.510000000000000120e-01
5.010000000000000009e-01
5.010000000000000009e-01
5.010000000000000009e-01
5.010000000000000009e-01
5.010000000000000009e-01
5.010000000000000009e-01
5.010000000000000009e-01
5.010000000000000009e-01
5.010000000000000009e-01
5.010000000000000009e-01
5.010000000000000009e-01
5.010000000000000009e-01
5.010000000000000009e-01
5.010000000000000009e-01
5.010000000000000009e-01
5.010000000000000009e-01
5.510000000000000453e-01
5.510000000000000453e-01
5.510000000000000453e-01
5.510000000000000453e-01
5.510000000000000453e-01
5.510000000000000453e-01
5.510000000000000453e-01
5.510000000000000453e-01
5.510000000000000453e-01
5.510000000000000453e-01
5.510000000000000453e-01
5.510000000000000453e-01
5.510000000000000453e-01
5.510000000000000453e-01
5.510000000000000453e-01
5.510000000000000453e-01
6.010000000000000897e-01
6.010000000000000897e-01
6.010000000000000897e-01
6.010000000000000897e-01
6.010000000000000897e-01
6.010000000000000897e-01
6.010000000000000897e-01
6.010000000000000897e-01
6.010000000000000897e-01
6.010000000000000897e-01
6.010000000000000897e-01
6.010000000000000897e-01
6.010000000000000897e-01
6.010000000000000897e-01
6.010000000000000897e-01
6.010000000000000897e-01
6.510000000000000231e-01
6.510000000000000231e-01
6.510000000000000231e-01
6.510000000000000231e-01
6.510000000000000231e-01
6.510000000000000231e-01
6.510000000000000231e-01
6.510000000000000231e-01
6.510000000000000231e-01
6.510000000000000231e-01
6.510000000000000231e-01
6.510000000000000231e-01
6.510000000000000231e-01
6.510000000000000231e-01
6.510000000000000231e-01
6.510000000000000231e-01
7.010000000000000675e-01
7.010000000000000675e-01
7.010000000000000675e-01
7.010000000000000675e-01
7.010000000000000675e-01
7.010000000000000675e-01
7.010000000000000675e-01
7.010000000000000675e-01
7.010000000000000675e-01
7.010000000000000675e-01
7.010000000000000675e-01
7.010000000000000675e-01
7.010000000000000675e-01
7.010000000000000675e-01
7.010000000000000675e-01
7.010000000000000675e-01
7.510000000000000009e-01
7.510000000000000009e-01
7.510000000000000009e-01
7.510000000000000009e-01
7.510000000000000009e-01
7.510000000000000009e-01
7.510000000000000009e-01
7.510000000000000009e-01
7.510000000000000009e-01
7.510000000000000009e-01
7.510000000000000009e-01
7.510000000000000009e-01
7.510000000000000009e-01
7.510000000000000009e-01
7.510000000000000009e-01
7.510000000000000009e-01
8.010000000000000453e-01
8.010000000000000453e-01
8.010000000000000453e-01
8.010000000000000453e-01
8.010000000000000453e-01
8.010000000000000453e-01
8.010000000000000453e-01
8.010000000000000453e-01
8.010000000000000453e-01
8.010000000000000453e-01
8.010000000000000453e-01
8.010000000000000453e-01
8.010000000000000453e-01
8.010000000000000453e-01
8.010000000000000453e-01
8.010000000000000453e-01
8.510000000000000897e-01
8.510000000000000897e-01
8.510000000000000897e-01
8.510000000000000897e-01
8.510000000000000897e-01
8.510000000000000897e-01
8.510000000000000897e-01
8.510000000000000897e-01
8.510000000000000897e-01
8.510000000000000897e-01
8.510000000000000897e-01
8.510000000000000897e-01
8.510000000000000897e-01
8.510000000000000897e-01
8.510000000000000897e-01
8.510000000000000897e-01
9.010000000000000231e-01
9.010000000000000231e-01
9.010000000000000231e-01
9.010000000000000231e-01
9.010000000000000231e-01
9.010000000000000231e-01
9.010000000000000231e-01
9.010000000000000231e-01
9.010000000000000231e-01
9.010000000000000231e-01
9.010000000000000231e-01
9.010000000000000231e-01
9.010000000000000231e-01
9.010000000000000231e-01
9.010000000000000231e-01
9.010000000000000231e-01
9.510000000000000675e-01
9.510000000000000675e-01
9.510000000000000675e-01
9.510000000000000675e-01
9.510000000000000675e-01
9.510000000000000675e-01
9.510000000000000675e-01
9.510000000000000675e-01
9.510000000000000675e-01
9.510000000000000675e-01
9.510000000000000675e-01
9.510000000000000675e-01
9.510000000000000675e-01
9.510000000000000675e-01
9.510000000000000675e-01
9.510000000000000675e-01
1.000999999999999890e+00
1.000999999999999890e+00
1.000999999999999890e+00
1.000999999999999890e+00
1.000999999999999890e+00
1.000999999999999890e+00
1.000999999999999890e+00
1.000999999999999890e+00
1.000999999999999890e+00
1.000999999999999890e+00
1.000999999999999890e+00
1.000999999999999890e+00
1.000999999999999890e+00
1.000999999999999890e+00
1.000999999999999890e+00
1.050999999999999934e+00
1.050999999999999934e+00
1.050999999999999934e+00
1.050999999999999934e+00
1.050999999999999934e+00
1.050999999999999934e+00
1.050999999999999934e+00
1.050999999999999934e+00
1.050999999999999934e+00
1.050999999999999934e+00
1.050999999999999934e+00
1.050999999999999934e+00
1.050999999999999934e+00
1.050999999999999934e+00
1.050999999999999934e+00
1.100999999999999979e+00
1.100999999999999979e+00
1.100999999999999979e+00
1.100999999999999979e+00
1.100999999999999979e+00
1.100999999999999979e+00
1.100999999999999979e+00
1.100999999999999979e+00
1.100999999999999979e+00
1.100999999999999979e+00
1.100999999999999979e+00
1.100999999999999979e+00
1.100999999999999979e+00
1.100999999999999979e+00
1.100999999999999979e+00
1.151000000000000023e+00
1.151000000000000023e+00
1.151000000000000023e+00
1.151000000000000023e+00
1.151000000000000023e+00
1.151000000000000023e+00
1.151000000000000023e+00
1.151000000000000023e+00
1.151000000000000023e+00
1.151000000000000023e+00
1.151000000000000023e+00
1.151000000000000023e+00
1.151000000000000023e+00
1.151000000000000023e+00
1.151000000000000023e+00
1.201000000000000068e+00
1.201000000000000068e+00
1.201000000000000068e+00
1.201000000000000068e+00
1.201000000000000068e+00
1.201000000000000068e+00
1.201000000000000068e+00
1.201000000000000068e+00
1.201000000000000068e+00
1.201000000000000068e+00
1.201000000000000068e+00
1.201000000000000068e+00
1.201000000000000068e+00
1.201000000000000068e+00
1.201000000000000068e+00
1.250999999999999890e+00
1.250999999999999890e+00
1.250999999999999890e+00
1.250999999999999890e+00
1.250999999999999890e+00
1.250999999999999890e+00
1.250999999999999890e+00
1.250999999999999890e+00
1.250999999999999890e+00
1.250999999999999890e+00
1.250999999999999890e+00
1.250999999999999890e+00
1.250999999999999890e+00
1.250999999999999890e+00
1.250999999999999890e+00
1.300999999999999934e+00
1.300999999999999934e+00
1.300999999999999934e+00
1.300999999999999934e+00
1.300999999999999934e+00
1.300999999999999934e+00
1.300999999999999934e+00
1.300999999999999934e+00
1.300999999999999934e+00
1.300999999999999934e+00
1.300999999999999934e+00
1.300999999999999934e+00
1.300999999999999934e+00
1.300999999999999934e+00
1.300999999999999934e+00
1.350999999999999979e+00
1.350999999999999979e+00
1.350999999999999979e+00
1.350999999999999979e+00
1.350999999999999979e+00
1.350999999999999979e+00
1.350999999999999979e+00
1.350999999999999979e+00
1.350999999999999979e+00
1.350999999999999979e+00
1.350999999999999979e+00
1.350999999999999979e+00
1.350999999999999979e+00
1.350999999999999979e+00
1.350999999999999979e+00
1.401000000000000023e+00
1.401000000000000023e+00
1.401000000000000023e+00
1.401000000000000023e+00
1.401000000000000023e+00
1.401000000000000023e+00
1.401000000000000023e+00
1.401000000000000023e+00
1.401000000000000023e+00
1.401000000000000023e+00
1.401000000000000023e+00
1.401000000000000023e+00
1.401000000000000023e+00
1.401000000000000023e+00
1.401000000000000023e+00
1.451000000000000068e+00
1.451000000000000068e+00
1.451000000000000068e+00
1.451000000000000068e+00
1.451000000000000068e+00
1.451000000000000068e+00
1.451000000000000068e+00
1.451000000000000068e+00
1.451000000000000068e+00
1.451000000000000068e+00
1.451000000000000068e+00
1.451000000000000068e+00
1.451000000000000068e+00
1.451000000000000068e+00
1.451000000000000068e+00
1.500999999999999890e+00
1.500999999999999890e+00
1.500999999999999890e+00
1.500999999999999890e+00
1.500999999999999890e+00
1.500999999999999890e+00
1.500999999999999890e+00
1.500999999999999890e+00
1.500999999999999890e+00
1.500999999999999890e+00
1.500999999999999890e+00
1.500999999999999890e+00
1.500999999999999890e+00
1.500999999999999890e+00
1.500999999999999890e+00
1.550999999999999934e+00
1.550999999999999934e+00
1.550999999999999934e+00
1.550999999999999934e+00
1.550999999999999934e+00
1.550999999999999934e+00
1.550999999999999934e+00
1.550999999999999934e+00
1.550999999999999934e+00
1.550999999999999934e+00
1.550999999999999934e+00
1.550999999999999934e+00
1.550999999999999934e+00
1.550999999999999934e+00
1.550999999999999934e+00
1.600999999999999979e+00
1.600999999999999979e+00
1.600999999999999979e+00
1.600999999999999979e+00
1.600999999999999979e+00
1.600999999999999979e+00
1.600999999999999979e+00
1.600999999999999979e+00
1.600999999999999979e+00
1.600999999999999979e+00
1.600999999999999979e+00
1.600999999999999979e+00
1.600999999999999979e+00
1.600999999999999979e+00
1.600999999999999979e+00
1.651000000000000023e+00
1.651000000000000023e+00
1.651000000000000023e+00
1.651000000000000023e+00
1.651000000000000023e+00
1.651000000000000023e+00
1.651000000000000023e+00
1.651000000000000023e+00
1.651000000000000023e+00
1.651000000000000023e+00
1.651000000000000023e+00
1.651000000000000023e+00
1.651000000000000023e+00
1.651000000000000023e+00
1.651000000000000023e+00
1.701000000000000068e+00
1.701000000000000068e+00
1.701000000000000068e+00
1.701000000000000068e+00
1.701000000000000068e+00
1.701000000000000068e+00
1.701000000000000068e+00
1.701000000000000068e+00
1.701000000000000068e+00
1.701000000000000068e+00
1.701000000000000068e+00
1.701000000000000068e+00
1.701000000000000068e+00
1.701000000000000068e+00
1.701000000000000068e+00
1.750999999999999890e+00
1.750999999999999890e+00
1.750999999999999890e+00
1.750999999999999890e+00
1.750999999999999890e+00
1.750999999999999890e+00
1.750999999999999890e+00
1.750999999999999890e+00
1.750999999999999890e+00
1.750999999999999890e+00
1.750999999999999890e+00
1.750999999999999890e+00
1.750999999999999890e+00
1.750999999999999890e+00
1.750999999999999890e+00
1.800999999999999934e+00
1.800999999999999934e+00
1.800999999999999934e+00
1.800999999999999934e+00
1.800999999999999934e+00
1.800999999999999934e+00
1.800999999999999934e+00
1.800999999999999934e+00
1.800999999999999934e+00
1.800999999999999934e+00
1.800999999999999934e+00
1.800999999999999934e+00
1.800999999999999934e+00
1.800999999999999934e+00
1.800999999999999934e+00
1.850999999999999979e+00
1.850999999999999979e+00
1.850999999999999979e+00
1.850999999999999979e+00
1.850999999999999979e+00
1.850999999999999979e+00
1.850999999999999979e+00
1.850999999999999979e+00
1.850999999999999979e+00
1.850999999999999979e+00
1.850999999999999979e+00
1.850999999999999979e+00
1.850999999999999979e+00
1.850999999999999979e+00
1.850999999999999979e+00
1.901000000000000023e+00
1.901000000000000023e+00
1.901000000000000023e+00
1.901000000000000023e+00
1.901000000000000023e+00
1.901000000000000023e+00
1.901000000000000023e+00
1.901000000000000023e+00
1.901000000000000023e+00
1.901000000000000023e+00
1.901000000000000023e+00
1.901000000000000023e+00
1.901000000000000023e+00
1.901000000000000023e+00
1.901000000000000023e+00
1.951000000000000068e+00
1.951000000000000068e+00
1.951000000000000068e+00
1.951000000000000068e+00
1.951000000000000068e+00
1.951000000000000068e+00
1.951000000000000068e+00
1.951000000000000068e+00
1.951000000000000068e+00
1.951000000000000068e+00
1.951000000000000068e+00
1.951000000000000068e+00
1.951000000000000068e+00
1.951000000000000068e+00
1.951000000000000068e+00
2.000999999999999890e+00
2.000999999999999890e+00
2.000999999999999890e+00
2.000999999999999890e+00
2.000999999999999890e+00
2.000999999999999890e+00
2.000999999999999890e+00
2.000999999999999890e+00
2.000999999999999890e+00
2.000999999999999890e+00
2.000999999999999890e+00
2.000999999999999890e+00
2.000999999999999890e+00
2.000999999999999890e+00
2.051000000000000156e+00
2.051000000000000156e+00
2.051000000000000156e+00
2.051000000000000156e+00
2.051000000000000156e+00
2.051000000000000156e+00
2.051000000000000156e+00
2.051000000000000156e+00
2.051000000000000156e+00
2.051000000000000156e+00
2.051000000000000156e+00
2.051000000000000156e+00
2.051000000000000156e+00
2.051000000000000156e+00
2.100999999999999979e+00
2.100999999999999979e+00
2.100999999999999979e+00
2.100999999999999979e+00
2.100999999999999979e+00
2.100999999999999979e+00
2.100999999999999979e+00
2.100999999999999979e+00
2.100999999999999979e+00
2.100999999999999979e+00
2.100999999999999979e+00
2.100999999999999979e+00
2.100999999999999979e+00
2.100999999999999979e+00
2.150999999999999801e+00
2.150999999999999801e+00
2.150999999999999801e+00
2.150999999999999801e+00
2.150999999999999801e+00
2.150999999999999801e+00
2.150999999999999801e+00
2.150999999999999801e+00
2.150999999999999801e+00
2.150999999999999801e+00
2.150999999999999801e+00
2.150999999999999801e+00
2.150999999999999801e+00
2.150999999999999801e+00
2.201000000000000068e+00
2.201000000000000068e+00
2.201000000000000068e+00
2.201000000000000068e+00
2.201000000000000068e+00
2.201000000000000068e+00
2.201000000000000068e+00
2.201000000000000068e+00
2.201000000000000068e+00
2.201000000000000068e+00
2.201000000000000068e+00
2.201000000000000068e+00
2.201000000000000068e+00
2.201000000000000068e+00
2.250999999999999890e+00
2.250999999999999890e+00
2.250999999999999890e+00
2.250999999999999890e+00
2.250999999999999890e+00
2.250999999999999890e+00
2.250999999999999890e+00
2.250999999999999890e+00
2.250999999999999890e+00
2.250999999999999890e+00
2.250999999999999890e+00
2.250999999999999890e+00
2.250999999999999890e+00
2.250999999999999890e+00
2.301000000000000156e+00
2.301000000000000156e+00
2.301000000000000156e+00
2.301000000000000156e+00
2.301000000000000156e+00
2.301000000000000156e+00
2.301000000000000156e+00
2.301000000000000156e+00
2.301000000000000156e+00
2.301000000000000156e+00
2.301000000000000156e+00
2.301000000000000156e+00
2.301000000000000156e+00
2.301000000000000156e+00
2.350999999999999979e+00
2.350999999999999979e+00
2.350999999999999979e+00
2.350999999999999979e+00
2.350999999999999979e+00
2.350999999999999979e+00
2.350999999999999979e+00
2.350999999999999979e+00
2.350999999999999979e+00
2.350999999999999979e+00
2.350999999999999979e+00
2.350999999999999979e+00
2.350999999999999979e+00
2.350999999999999979e+00
2.401000000000000245e+00
2.401000000000000245e+00
2.401000000000000245e+00
2.401000000000000245e+00
2.401000000000000245e+00
2.401000000000000245e+00
2.401000000000000245e+00
2.401000000000000245e+00
2.401000000000000245e+00
2.401000000000000245e+00
2.401000000000000245e+00
2.401000000000000245e+00
2.401000000000000245e+00
2.401000000000000245e+00
2.451000000000000068e+00
2.451000000000000068e+00
2.451000000000000068e+00
2.451000000000000068e+00
2.451000000000000068e+00
2.451000000000000068e+00
2.451000000000000068e+00
2.451000000000000068e+00
2.451000000000000068e+00
2.451000000000000068e+00
2.451000000000000068e+00
2.451000000000000068e+00
2.451000000000000068e+00
2.451000000000000068e+00
2.500999999999999890e+00
2.500999999999999890e+00
2.500999999999999890e+00
2.500999999999999890e+00
2.500999999999999890e+00
2.500999999999999890e+00
2.500999999999999890e+00
2.500999999999999890e+00
2.500999999999999890e+00
2.500999999999999890e+00
2.500999999999999890e+00
2.500999999999999890e+00
2.500999999999999890e+00
2.500999999999999890e+00
2.551000000000000156e+00
2.551000000000000156e+00
2.551000000000000156e+00
2.551000000000000156e+00
2.551000000000000156e+00
2.551000000000000156e+00
2.551000000000000156e+00
2.551000000000000156e+00
2.551000000000000156e+00
2.551000000000000156e+00
2.551000000000000156e+00
2.551000000000000156e+00
2.551000000000000156e+00
2.551000000000000156e+00
2.600999999999999979e+00
2.600999999999999979e+00
2.600999999999999979e+00
2.600999999999999979e+00
2.600999999999999979e+00
2.600999999999999979e+00
2.600999999999999979e+00
2.600999999999999979e+00
2.600999999999999979e+00
2.600999999999999979e+00
2.600999999999999979e+00
2.600999999999999979e+00
2.600999999999999979e+00
2.600999999999999979e+00
2.651000000000000245e+00
2.651000000000000245e+00
2.651000000000000245e+00
2.651000000000000245e+00
2.651000000000000245e+00
2.651000000000000245e+00
2.651000000000000245e+00
2.651000000000000245e+00
2.651000000000000245e+00
2.651000000000000245e+00
2.651000000000000245e+00
2.651000000000000245e+00
2.651000000000000245e+00
2.651000000000000245e+00
2.701000000000000068e+00
2.701000000000000068e+00
2.701000000000000068e+00
2.701000000000000068e+00
2.701000000000000068e+00
2.701000000000000068e+00
2.701000000000000068e+00
2.701000000000000068e+00
2.701000000000000068e+00
2.701000000000000068e+00
2.701000000000000068e+00
2.701000000000000068e+00
2.701000000000000068e+00
2.701000000000000068e+00
2.750999999999999890e+00
2.750999999999999890e+00
2.750999999999999890e+00
2.750999999999999890e+00
2.750999999999999890e+00
2.750999999999999890e+00
2.750999999999999890e+00
2.750999999999999890e+00
2.750999999999999890e+00
2.750999999999999890e+00
2.750999999999999890e+00
2.750999999999999890e+00
2.750999999999999890e+00
2.750999999999999890e+00
2.801000000000000156e+00
2.801000000000000156e+00
2.801000000000000156e+00
2.801000000000000156e+00
2.801000000000000156e+00
2.801000000000000156e+00
2.801000000000000156e+00
2.801000000000000156e+00
2.801000000000000156e+00
2.801000000000000156e+00
2.801000000000000156e+00
2.801000000000000156e+00
2.801000000000000156e+00
2.801000000000000156e+00
2.850999999999999979e+00
2.850999999999999979e+00
2.850999999999999979e+00
2.850999999999999979e+00
2.850999999999999979e+00
2.850999999999999979e+00
2.850999999999999979e+00
2.850999999999999979e+00
2.850999999999999979e+00
2.850999999999999979e+00
2.850999999999999979e+00
2.850999999999999979e+00
2.850999999999999979e+00
2.850999999999999979e+00
2.901000000000000245e+00
2.901000000000000245e+00
2.901000000000000245e+00
2.901000000000000245e+00
2.901000000000000245e+00
2.901000000000000245e+00
2.901000000000000245e+00
2.901000000000000245e+00
2.901000000000000245e+00
2.901000000000000245e+00
2.901000000000000245e+00
2.901000000000000245e+00
2.901000000000000245e+00
2.901000000000000245e+00
2.951000000000000068e+00
2.951000000000000068e+00
2.951000000000000068e+00
2.951000000000000068e+00
2.951000000000000068e+00
2.951000000000000068e+00
2.951000000000000068e+00
2.951000000000000068e+00
2.951000000000000068e+00
2.951000000000000068e+00
2.951000000000000068e+00
2.951000000000000068e+00
2.951000000000000068e+00
2.951000000000000068e+00
3.000999999999999890e+00
3.000999999999999890e+00
3.000999999999999890e+00
3.000999999999999890e+00
3.000999999999999890e+00
3.000999999999999890e+00
3.000999999999999890e+00
3.000999999999999890e+00
3.000999999999999890e+00
3.000999999999999890e+00
3.000999999999999890e+00
3.000999999999999890e+00
3.000999999999999890e+00
